 6.333e-03 -2.579e-03 -2.115e-03 -1.984e-03  2.603e-03  3.175e-03 -2.115e-03 -1.984e-03  2.603e-03 -1.651e-03 -1.270e-03  2.032e-03 -1.651e-03 -1.270e-03  2.032e-03 -1.651e-03 -1.270e-03  2.032e-03 -1.270e-03        0.0        0.0        0.0        0.0        0.0        0.0        0.0        0.0        0.0        0.0        0.0        0.0        0.0        0.0        0.0        0.0        0.0        0.0 
-2.579e-03  2.778e-03 -1.290e-03  1.587e-03 -1.984e-03  3.175e-03 -1.290e-03  1.587e-03 -1.984e-03        0.0        0.0        0.0        0.0        0.0        0.0        0.0        0.0        0.0        0.0        0.0        0.0        0.0        0.0        0.0        0.0        0.0        0.0        0.0        0.0        0.0        0.0        0.0        0.0        0.0        0.0        0.0        0.0 
-2.115e-03 -1.290e-03  3.444e-03  1.587e-03  2.603e-03 -1.984e-03        0.0        0.0        0.0 -1.909e-03  2.349e-03 -1.270e-03        0.0        0.0        0.0        0.0        0.0        0.0        0.0 -1.083e-03  1.333e-03 -1.667e-03        0.0        0.0        0.0        0.0        0.0        0.0        0.0        0.0        0.0        0.0        0.0        0.0        0.0        0.0        0.0 
-1.984e-03  1.587e-03  1.587e-03  1.270e-02  7.937e-03  7.937e-03        0.0        0.0        0.0        0.0        0.0        0.0        0.0        0.0        0.0        0.0        0.0        0.0        0.0        0.0        0.0        0.0        0.0        0.0        0.0        0.0        0.0        0.0        0.0        0.0        0.0        0.0        0.0        0.0        0.0        0.0        0.0 
 2.603e-03 -1.984e-03  2.603e-03  7.937e-03  2.083e-02  7.937e-03        0.0        0.0        0.0 -1.270e-03  5.079e-03  5.079e-03        0.0        0.0        0.0        0.0        0.0        0.0        0.0        0.0        0.0        0.0        0.0        0.0        0.0        0.0        0.0        0.0        0.0        0.0        0.0        0.0        0.0        0.0        0.0        0.0        0.0 
 3.175e-03  3.175e-03 -1.984e-03  7.937e-03  7.937e-03  2.540e-02 -1.984e-03  7.937e-03  7.937e-03        0.0        0.0        0.0        0.0        0.0        0.0        0.0        0.0        0.0        0.0        0.0        0.0        0.0        0.0        0.0        0.0        0.0        0.0        0.0        0.0        0.0        0.0        0.0        0.0        0.0        0.0        0.0        0.0 
-2.115e-03 -1.290e-03        0.0        0.0        0.0 -1.984e-03  3.444e-03  1.587e-03  2.603e-03        0.0        0.0        0.0 -1.909e-03  2.349e-03 -1.270e-03        0.0        0.0        0.0        0.0        0.0        0.0        0.0 -1.083e-03  1.333e-03 -1.667e-03        0.0        0.0        0.0        0.0        0.0        0.0        0.0        0.0        0.0        0.0        0.0        0.0 
-1.984e-03  1.587e-03        0.0        0.0        0.0  7.937e-03  1.587e-03  1.270e-02  7.937e-03        0.0        0.0        0.0        0.0        0.0        0.0        0.0        0.0        0.0        0.0        0.0        0.0        0.0        0.0        0.0        0.0        0.0        0.0        0.0        0.0        0.0        0.0        0.0        0.0        0.0        0.0        0.0        0.0 
 2.603e-03 -1.984e-03        0.0        0.0        0.0  7.937e-03  2.603e-03  7.937e-03  2.083e-02        0.0        0.0        0.0 -1.270e-03  5.079e-03  5.079e-03        0.0        0.0        0.0        0.0        0.0        0.0        0.0        0.0        0.0        0.0        0.0        0.0        0.0        0.0        0.0        0.0        0.0        0.0        0.0        0.0        0.0        0.0 
-1.651e-03        0.0 -1.909e-03        0.0 -1.270e-03        0.0        0.0        0.0        0.0  5.000e-03  2.349e-03  2.032e-03        0.0        0.0        0.0 -1.651e-03  2.032e-03 -1.270e-03        0.0 -2.167e-03 -1.667e-03  2.667e-03        0.0        0.0        0.0 -1.909e-03 -1.270e-03  2.349e-03 -1.667e-03        0.0        0.0        0.0        0.0        0.0        0.0        0.0        0.0 
-1.270e-03        0.0  2.349e-03        0.0  5.079e-03        0.0        0.0        0.0        0.0  2.349e-03  1.879e-02  5.079e-03        0.0        0.0        0.0        0.0        0.0        0.0        0.0 -1.667e-03  6.667e-03  6.667e-03        0.0        0.0        0.0        0.0        0.0        0.0        0.0        0.0        0.0        0.0        0.0        0.0        0.0        0.0        0.0 
 2.032e-03        0.0 -1.270e-03        0.0  5.079e-03        0.0        0.0        0.0        0.0  2.032e-03  5.079e-03  1.625e-02        0.0        0.0        0.0 -1.270e-03  5.079e-03  5.079e-03        0.0        0.0        0.0        0.0        0.0        0.0        0.0        0.0        0.0        0.0        0.0        0.0        0.0        0.0        0.0        0.0        0.0        0.0        0.0 
-1.651e-03        0.0        0.0        0.0        0.0        0.0 -1.909e-03        0.0 -1.270e-03        0.0        0.0        0.0  5.000e-03  2.349e-03  2.032e-03 -1.651e-03        0.0 -1.270e-03  2.032e-03        0.0        0.0        0.0 -2.167e-03 -1.667e-03  2.667e-03        0.0        0.0        0.0        0.0 -1.909e-03  2.349e-03 -1.270e-03 -1.667e-03        0.0        0.0        0.0        0.0 
-1.270e-03        0.0        0.0        0.0        0.0        0.0  2.349e-03        0.0  5.079e-03        0.0        0.0        0.0  2.349e-03  1.879e-02  5.079e-03        0.0        0.0        0.0        0.0        0.0        0.0        0.0 -1.667e-03  6.667e-03  6.667e-03        0.0        0.0        0.0        0.0        0.0        0.0        0.0        0.0        0.0        0.0        0.0        0.0 
 2.032e-03        0.0        0.0        0.0        0.0        0.0 -1.270e-03        0.0  5.079e-03        0.0        0.0        0.0  2.032e-03  5.079e-03  1.625e-02 -1.270e-03        0.0  5.079e-03  5.079e-03        0.0        0.0        0.0        0.0        0.0        0.0        0.0        0.0        0.0        0.0        0.0        0.0        0.0        0.0        0.0        0.0        0.0        0.0 
-1.651e-03        0.0        0.0        0.0        0.0        0.0        0.0        0.0        0.0 -1.651e-03        0.0 -1.270e-03 -1.651e-03        0.0 -1.270e-03  6.333e-03  2.032e-03  2.032e-03  2.032e-03        0.0        0.0        0.0        0.0        0.0        0.0 -2.115e-03  2.603e-03 -1.270e-03        0.0 -2.115e-03 -1.270e-03  2.603e-03        0.0 -2.579e-03 -1.984e-03  3.175e-03 -1.984e-03 
-1.270e-03        0.0        0.0        0.0        0.0        0.0        0.0        0.0        0.0  2.032e-03        0.0  5.079e-03        0.0        0.0        0.0  2.032e-03  1.625e-02  5.079e-03        0.0        0.0        0.0        0.0        0.0        0.0        0.0 -1.270e-03  5.079e-03  5.079e-03        0.0        0.0        0.0        0.0        0.0        0.0        0.0        0.0        0.0 
 2.032e-03        0.0        0.0        0.0        0.0        0.0        0.0        0.0        0.0 -1.270e-03        0.0  5.079e-03 -1.270e-03        0.0  5.079e-03  2.032e-03  5.079e-03  1.625e-02  5.079e-03        0.0        0.0        0.0        0.0        0.0        0.0        0.0        0.0        0.0        0.0        0.0        0.0        0.0        0.0        0.0        0.0        0.0        0.0 
-1.270e-03        0.0        0.0        0.0        0.0        0.0        0.0        0.0        0.0        0.0        0.0        0.0  2.032e-03        0.0  5.079e-03  2.032e-03        0.0  5.079e-03  1.625e-02        0.0        0.0        0.0        0.0        0.0        0.0        0.0        0.0        0.0        0.0 -1.270e-03  5.079e-03  5.079e-03        0.0        0.0        0.0        0.0        0.0 
       0.0        0.0 -1.083e-03        0.0        0.0        0.0        0.0        0.0        0.0 -2.167e-03 -1.667e-03        0.0        0.0        0.0        0.0        0.0        0.0        0.0        0.0  2.333e-03  1.333e-03  2.667e-03        0.0        0.0        0.0 -1.083e-03        0.0 -1.667e-03  1.333e-03        0.0        0.0        0.0        0.0        0.0        0.0        0.0        0.0 
       0.0        0.0  1.333e-03        0.0        0.0        0.0        0.0        0.0        0.0 -1.667e-03  6.667e-03        0.0        0.0        0.0        0.0        0.0        0.0        0.0        0.0  1.333e-03  1.067e-02  6.667e-03        0.0        0.0        0.0        0.0        0.0        0.0        0.0        0.0        0.0        0.0        0.0        0.0        0.0        0.0        0.0 
       0.0        0.0 -1.667e-03        0.0        0.0        0.0        0.0        0.0        0.0  2.667e-03  6.667e-03        0.0        0.0        0.0        0.0        0.0        0.0        0.0        0.0  2.667e-03  6.667e-03  2.133e-02        0.0        0.0        0.0 -1.667e-03        0.0  6.667e-03  6.667e-03        0.0        0.0        0.0        0.0        0.0        0.0        0.0        0.0 
       0.0        0.0        0.0        0.0        0.0        0.0 -1.083e-03        0.0        0.0        0.0        0.0        0.0 -2.167e-03 -1.667e-03        0.0        0.0        0.0        0.0        0.0        0.0        0.0        0.0  2.333e-03  1.333e-03  2.667e-03        0.0        0.0        0.0        0.0 -1.083e-03 -1.667e-03        0.0  1.333e-03        0.0        0.0        0.0        0.0 
       0.0        0.0        0.0        0.0        0.0        0.0  1.333e-03        0.0        0.0        0.0        0.0        0.0 -1.667e-03  6.667e-03        0.0        0.0        0.0        0.0        0.0        0.0        0.0        0.0  1.333e-03  1.067e-02  6.667e-03        0.0        0.0        0.0        0.0        0.0        0.0        0.0        0.0        0.0        0.0        0.0        0.0 
       0.0        0.0        0.0        0.0        0.0        0.0 -1.667e-03        0.0        0.0        0.0        0.0        0.0  2.667e-03  6.667e-03        0.0        0.0        0.0        0.0        0.0        0.0        0.0        0.0  2.667e-03  6.667e-03  2.133e-02        0.0        0.0        0.0        0.0 -1.667e-03  6.667e-03        0.0  6.667e-03        0.0        0.0        0.0        0.0 
       0.0        0.0        0.0        0.0        0.0        0.0        0.0        0.0        0.0 -1.909e-03        0.0        0.0        0.0        0.0        0.0 -2.115e-03 -1.270e-03        0.0        0.0 -1.083e-03        0.0 -1.667e-03        0.0        0.0        0.0  3.444e-03  2.603e-03  2.349e-03  1.333e-03        0.0        0.0        0.0        0.0 -1.290e-03  1.587e-03 -1.984e-03        0.0 
       0.0        0.0        0.0        0.0        0.0        0.0        0.0        0.0        0.0 -1.270e-03        0.0        0.0        0.0        0.0        0.0  2.603e-03  5.079e-03        0.0        0.0        0.0        0.0        0.0        0.0        0.0        0.0  2.603e-03  2.083e-02  5.079e-03        0.0        0.0        0.0        0.0        0.0 -1.984e-03  7.937e-03  7.937e-03        0.0 
       0.0        0.0        0.0        0.0        0.0        0.0        0.0        0.0        0.0  2.349e-03        0.0        0.0        0.0        0.0        0.0 -1.270e-03  5.079e-03        0.0        0.0 -1.667e-03        0.0  6.667e-03        0.0        0.0        0.0  2.349e-03  5.079e-03  1.879e-02  6.667e-03        0.0        0.0        0.0        0.0        0.0        0.0        0.0        0.0 
       0.0        0.0        0.0        0.0        0.0        0.0        0.0        0.0        0.0 -1.667e-03        0.0        0.0        0.0        0.0        0.0        0.0        0.0        0.0        0.0  1.333e-03        0.0  6.667e-03        0.0        0.0        0.0  1.333e-03        0.0  6.667e-03  1.067e-02        0.0        0.0        0.0        0.0        0.0        0.0        0.0        0.0 
       0.0        0.0        0.0        0.0        0.0        0.0        0.0        0.0        0.0        0.0        0.0        0.0 -1.909e-03        0.0        0.0 -2.115e-03        0.0        0.0 -1.270e-03        0.0        0.0        0.0 -1.083e-03        0.0 -1.667e-03        0.0        0.0        0.0        0.0  3.444e-03  2.349e-03  2.603e-03  1.333e-03 -1.290e-03        0.0 -1.984e-03  1.587e-03 
       0.0        0.0        0.0        0.0        0.0        0.0        0.0        0.0        0.0        0.0        0.0        0.0  2.349e-03        0.0        0.0 -1.270e-03        0.0        0.0  5.079e-03        0.0        0.0        0.0 -1.667e-03        0.0  6.667e-03        0.0        0.0        0.0        0.0  2.349e-03  1.879e-02  5.079e-03  6.667e-03        0.0        0.0        0.0        0.0 
       0.0        0.0        0.0        0.0        0.0        0.0        0.0        0.0        0.0        0.0        0.0        0.0 -1.270e-03        0.0        0.0  2.603e-03        0.0        0.0  5.079e-03        0.0        0.0        0.0        0.0        0.0        0.0        0.0        0.0        0.0        0.0  2.603e-03  5.079e-03  2.083e-02        0.0 -1.984e-03        0.0  7.937e-03  7.937e-03 
       0.0        0.0        0.0        0.0        0.0        0.0        0.0        0.0        0.0        0.0        0.0        0.0 -1.667e-03        0.0        0.0        0.0        0.0        0.0        0.0        0.0        0.0        0.0  1.333e-03        0.0  6.667e-03        0.0        0.0        0.0        0.0  1.333e-03  6.667e-03        0.0  1.067e-02        0.0        0.0        0.0        0.0 
       0.0        0.0        0.0        0.0        0.0        0.0        0.0        0.0        0.0        0.0        0.0        0.0        0.0        0.0        0.0 -2.579e-03        0.0        0.0        0.0        0.0        0.0        0.0        0.0        0.0        0.0 -1.290e-03 -1.984e-03        0.0        0.0 -1.290e-03        0.0 -1.984e-03        0.0  2.778e-03  1.587e-03  3.175e-03  1.587e-03 
       0.0        0.0        0.0        0.0        0.0        0.0        0.0        0.0        0.0        0.0        0.0        0.0        0.0        0.0        0.0 -1.984e-03        0.0        0.0        0.0        0.0        0.0        0.0        0.0        0.0        0.0  1.587e-03  7.937e-03        0.0        0.0        0.0        0.0        0.0        0.0  1.587e-03  1.270e-02  7.937e-03        0.0 
       0.0        0.0        0.0        0.0        0.0        0.0        0.0        0.0        0.0        0.0        0.0        0.0        0.0        0.0        0.0  3.175e-03        0.0        0.0        0.0        0.0        0.0        0.0        0.0        0.0        0.0 -1.984e-03  7.937e-03        0.0        0.0 -1.984e-03        0.0  7.937e-03        0.0  3.175e-03  7.937e-03  2.540e-02  7.937e-03 
       0.0        0.0        0.0        0.0        0.0        0.0        0.0        0.0        0.0        0.0        0.0        0.0        0.0        0.0        0.0 -1.984e-03        0.0        0.0        0.0        0.0        0.0        0.0        0.0        0.0        0.0        0.0        0.0        0.0        0.0  1.587e-03        0.0  7.937e-03        0.0  1.587e-03        0.0  7.937e-03  1.270e-02 
